---
title: 数学建模实验一
tags:
  - 数学建模
categories:
  - 数学建模
abbrlink: 6bfff31
date: 2026-03-19 10:30:52
---

必选课，不选学分修不满，无话可说。

> 实验内容
1、将SoI.txt文件中的数据导入到变量S中.
2、截取S中行数据中存在大于0.3的行，并将其存为变量Sub_S.
3、求Sub_S中的最大值和最小值，统计Sub_S落在以0.05为间隔[min,max]之间的值的频数.
4、将问题3)的频数进行可视化表达。

我的代码

```matlab
S=load('SoI.txt');% 将文件中的数据读入矩阵S
rows=any(S>0.3,2);% 按行检查，返回逻辑列向量
new_S=S(rows,:);% 提取满足条件的行，得到新矩阵
max_val=max(new_S(:));% 全局最大值
min_val=min(new_S(:));% 全局最小值
edges=min_val:0.05:max_val;% 生成区间边界，步长0.05
counts=histc(new_S(:),edges);% 统计每个区间内的频数

fprintf('最大值: %g\n', max_val);
fprintf('最小值: %g\n', min_val);
fprintf('频数向量（长度 %d）:\n', length(counts));
disp(counts);

figure;% 创建新图形窗口
bar(edges,counts,'histc');% 绘制条形图（直方图模式）
xlabel('数值区间');% x轴标签
ylabel('频数');% y轴标签
```

下面是SoI.txt文件内容

```txt
  4.0048544e-001  1.2621359e-001  1.7718447e-001  3.1553398e-002  1.8689320e-001  2.4271845e-002  0.0000000e+000  4.8543689e-003  1.4563107e-002  0.0000000e+000  0.0000000e+000  0.0000000e+000  1.9417476e-002  0.0000000e+000  0.0000000e+000  1.2135922e-002  2.4271845e-003  0.0000000e+000
  2.6436782e-001  5.5172414e-002  1.2413793e-001  6.6666667e-002  4.5977011e-002  1.8390805e-002  0.0000000e+000  2.0229885e-001  6.8965517e-003  0.0000000e+000  8.9655172e-002  3.9080460e-002  2.2988506e-003  0.0000000e+000  2.0689655e-002  5.2873563e-002  6.8965517e-003  4.5977011e-003
  3.7037037e-001  0.0000000e+000  1.1111111e-001  7.4074074e-002  1.4814815e-001  0.0000000e+000  0.0000000e+000  0.0000000e+000  7.4074074e-002  0.0000000e+000  0.0000000e+000  0.0000000e+000  1.8518519e-001  0.0000000e+000  0.0000000e+000  0.0000000e+000  3.7037037e-002  0.0000000e+000
  3.9826840e-001  2.4242424e-001  1.1255411e-001  3.4632035e-002  1.0822511e-001  0.0000000e+000  0.0000000e+000  0.0000000e+000  8.6580087e-003  0.0000000e+000  0.0000000e+000  0.0000000e+000  1.2987013e-002  0.0000000e+000  6.0606061e-002  2.1645022e-002  0.0000000e+000  0.0000000e+000
  1.8429487e-001  1.1698718e-001  4.8076923e-002  2.2435897e-002  6.0897436e-002  4.6474359e-002  0.0000000e+000  8.9743590e-002  6.4102564e-003  0.0000000e+000  0.0000000e+000  5.1282051e-002  4.8076923e-003  0.0000000e+000  3.4935897e-001  1.7628205e-002  1.6025641e-003  0.0000000e+000
  2.7472527e-001  6.1813187e-002  1.4423077e-001  8.9285714e-002  6.7307692e-002  1.6483516e-002  2.7472527e-003  1.6483516e-002  3.9835165e-002  0.0000000e+000  4.6703297e-002  2.7472527e-003  4.9450549e-002  2.7472527e-003  1.0439560e-001  6.8681319e-003  7.2802198e-002  1.3736264e-003
  1.9599837e-001  1.1637403e-001  7.5132707e-002  8.8199265e-002  4.9407922e-002  2.9808085e-002  2.1233156e-002  5.9207840e-002  1.7149857e-002  0.0000000e+000  6.5332789e-002  6.9416088e-003  2.6949775e-002  1.3597387e-001  1.2249898e-003  1.7966517e-002  7.7582687e-002  1.5516537e-002
  8.4644195e-002  8.3895131e-002  4.1947566e-002  1.1985019e-002  3.4456929e-002  2.9962547e-003  4.5393258e-001  9.7378277e-003  3.7453184e-003  0.0000000e+000  0.0000000e+000  2.9962547e-003  3.7453184e-003  0.0000000e+000  0.0000000e+000  1.5730337e-002  0.0000000e+000  2.5018727e-001
  4.7058824e-001  1.7647059e-001  1.7647059e-001  0.0000000e+000  1.7647059e-001  0.0000000e+000  0.0000000e+000  0.0000000e+000  0.0000000e+000  0.0000000e+000  0.0000000e+000  0.0000000e+000  0.0000000e+000  0.0000000e+000  0.0000000e+000  0.0000000e+000  0.0000000e+000  0.0000000e+000
  2.5806452e-001  1.6129032e-001  1.9354839e-001  5.3763441e-002  2.1505376e-002  1.0752688e-002  0.0000000e+000  0.0000000e+000  3.2258065e-002  0.0000000e+000  0.0000000e+000  1.0752688e-002  0.0000000e+000  0.0000000e+000  7.5268817e-002  1.5053763e-001  3.2258065e-002  0.0000000e+000
  1.6606498e-001  1.2274368e-001  1.0830325e-001  2.5270758e-002  1.2996390e-001  1.2635379e-001  0.0000000e+000  0.0000000e+000  3.6101083e-003  0.0000000e+000  0.0000000e+000  2.6353791e-001  7.2202166e-003  0.0000000e+000  3.6101083e-003  3.9711191e-002  3.6101083e-003  0.0000000e+000
  2.5380711e-001  1.0152284e-001  1.0152284e-001  1.0659898e-001  1.0659898e-001  4.5685279e-002  0.0000000e+000  1.0659898e-001  5.0761421e-003  0.0000000e+000  0.0000000e+000  1.5228426e-002  3.0456853e-002  5.0761421e-003  0.0000000e+000  2.0304569e-002  9.6446701e-002  5.0761421e-003
  3.8607595e-001  1.7405063e-001  1.0759494e-001  1.8354430e-001  8.2278481e-002  0.0000000e+000  0.0000000e+000  2.5316456e-002  1.8987342e-002  0.0000000e+000  0.0000000e+000  3.1645570e-003  9.4936709e-003  0.0000000e+000  0.0000000e+000  0.0000000e+000  0.0000000e+000  9.4936709e-003
  1.7828201e-001  1.1507293e-001  8.5899514e-002  5.3484603e-002  5.9967585e-002  7.1312804e-002  1.6207455e-002  2.4311183e-002  0.0000000e+000  0.0000000e+000  0.0000000e+000  3.0632091e-001  1.7828201e-002  0.0000000e+000  1.6207455e-003  5.0243112e-002  9.7244733e-003  9.7244733e-003
  5.3488372e-001  8.1395349e-002  1.6279070e-001  3.4883721e-002  9.3023256e-002  0.0000000e+000  0.0000000e+000  2.3255814e-002  0.0000000e+000  0.0000000e+000  0.0000000e+000  0.0000000e+000  6.9767442e-002  0.0000000e+000  0.0000000e+000  0.0000000e+000  0.0000000e+000  0.0000000e+000
  3.9344262e-001  1.1475410e-001  2.4590164e-001  0.0000000e+000  1.1475410e-001  0.0000000e+000  3.2786885e-002  4.9180328e-002  0.0000000e+000  0.0000000e+000  0.0000000e+000  0.0000000e+000  1.6393443e-002  0.0000000e+000  1.6393443e-002  0.0000000e+000  0.0000000e+000  1.6393443e-002
  3.1313131e-001  2.4242424e-001  1.6161616e-001  3.0303030e-002  1.2121212e-001  0.0000000e+000  4.0404040e-002  0.0000000e+000  0.0000000e+000  0.0000000e+000  0.0000000e+000  3.0303030e-002  0.0000000e+000  0.0000000e+000  0.0000000e+000  0.0000000e+000  5.0505051e-002  1.0101010e-002
  2.3391813e-001  2.1052632e-001  1.1111111e-001  4.6783626e-002  5.2631579e-002  5.2631579e-002  0.0000000e+000  1.7543860e-002  0.0000000e+000  0.0000000e+000  0.0000000e+000  2.2807018e-001  5.8479532e-003  0.0000000e+000  0.0000000e+000  1.7543860e-002  1.7543860e-002  5.8479532e-003
  3.1288344e-001  3.0674847e-001  9.8159509e-002  4.2944785e-002  1.1042945e-001  3.6809816e-002  0.0000000e+000  0.0000000e+000  0.0000000e+000  0.0000000e+000  0.0000000e+000  0.0000000e+000  3.6809816e-002  0.0000000e+000  0.0000000e+000  0.0000000e+000  5.5214724e-002  0.0000000e+000
  2.7555556e-001  5.9259259e-003  1.0518519e-001  8.2962963e-002  1.0962963e-001  1.4814815e-002  2.3703704e-002  5.0370370e-002  1.3333333e-002  0.0000000e+000  9.9259259e-002  0.0000000e+000  1.9851852e-001  1.4814815e-003  0.0000000e+000  5.9259259e-003  1.3333333e-002  0.0000000e+000
  3.6904762e-001  2.2619048e-001  1.4285714e-001  0.0000000e+000  5.9523810e-002  1.1904762e-002  0.0000000e+000  1.1904762e-002  0.0000000e+000  0.0000000e+000  0.0000000e+000  0.0000000e+000  1.1904762e-002  0.0000000e+000  1.5476190e-001  1.1904762e-002  0.0000000e+000  0.0000000e+000
  3.5922330e-001  9.7087379e-002  1.6504854e-001  1.2621359e-001  6.7961165e-002  9.7087379e-003  0.0000000e+000  1.9417476e-002  4.8543689e-002  0.0000000e+000  0.0000000e+000  3.8834951e-002  1.9417476e-002  0.0000000e+000  3.8834951e-002  0.0000000e+000  0.0000000e+000  9.7087379e-003
  2.1371327e-002  5.7880677e-002  9.7951915e-003  1.1308994e-001  4.0071238e-002  2.5734639e-001  8.0142476e-003  2.4042743e-002  5.3428317e-002  1.1932324e-001  8.8156723e-002  1.0685663e-002  3.2056990e-002  2.6714159e-002  5.3428317e-003  7.1237756e-002  4.9866429e-002  1.1576135e-002
  3.6363636e-001  0.0000000e+000  9.0909091e-002  0.0000000e+000  2.7272727e-001  0.0000000e+000  2.7272727e-001  0.0000000e+000  0.0000000e+000  0.0000000e+000  0.0000000e+000  0.0000000e+000  0.0000000e+000  0.0000000e+000  0.0000000e+000  0.0000000e+000  0.0000000e+000  0.0000000e+000
  2.3938224e-001  2.8185328e-001  5.4054054e-002  3.0888031e-002  8.8803089e-002  4.6332046e-002  0.0000000e+000  4.6332046e-002  3.8610039e-003  0.0000000e+000  0.0000000e+000  1.3513514e-001  1.5444015e-002  0.0000000e+000  2.3166023e-002  3.0888031e-002  3.8610039e-003  0.0000000e+000
  2.5000000e-001  3.0000000e-001  1.4000000e-001  0.0000000e+000  7.0000000e-002  0.0000000e+000  0.0000000e+000  0.0000000e+000  2.3000000e-001  0.0000000e+000  0.0000000e+000  0.0000000e+000  0.0000000e+000  0.0000000e+000  1.0000000e-002  0.0000000e+000  0.0000000e+000  0.0000000e+000
  2.7835052e-001  1.8556701e-001  9.2783505e-002  1.0824742e-001  8.2474227e-002  3.0927835e-002  0.0000000e+000  1.0309278e-001  1.5463918e-002  0.0000000e+000  0.0000000e+000  1.5463918e-002  4.1237113e-002  0.0000000e+000  5.1546392e-003  1.0309278e-002  3.0927835e-002  0.0000000e+000
  3.8842975e-001  8.2644628e-002  1.5702479e-001  1.1570248e-001  1.5702479e-001  8.2644628e-003  0.0000000e+000  0.0000000e+000  0.0000000e+000  0.0000000e+000  0.0000000e+000  0.0000000e+000  5.7851240e-002  0.0000000e+000  0.0000000e+000  3.3057851e-002  0.0000000e+000  0.0000000e+000
  5.1724138e-002  5.1724138e-002  3.4482759e-002  1.3793103e-001  1.7241379e-002  0.0000000e+000  0.0000000e+000  0.0000000e+000  7.0689655e-001  0.0000000e+000  0.0000000e+000  0.0000000e+000  0.0000000e+000  0.0000000e+000  0.0000000e+000  0.0000000e+000  0.0000000e+000  0.0000000e+000
  1.7821782e-001  3.5643564e-001  1.8811881e-001  0.0000000e+000  1.6831683e-001  0.0000000e+000  0.0000000e+000  0.0000000e+000  0.0000000e+000  0.0000000e+000  0.0000000e+000  0.0000000e+000  0.0000000e+000  0.0000000e+000  1.0891089e-001  0.0000000e+000  0.0000000e+000  0.0000000e+000
  3.5294118e-001  2.0168067e-001  1.5966387e-001  1.0924370e-001  1.0924370e-001  0.0000000e+000  0.0000000e+000  4.2016807e-002  0.0000000e+000  0.0000000e+000  0.0000000e+000  0.0000000e+000  2.5210084e-002  0.0000000e+000  0.0000000e+000  0.0000000e+000  0.0000000e+000  0.0000000e+000
  3.0344828e-001  3.0344828e-001  1.2413793e-001  3.4482759e-002  9.6551724e-002  3.4482759e-002  0.0000000e+000  2.7586207e-002  2.7586207e-002  0.0000000e+000  0.0000000e+000  1.3793103e-002  1.3793103e-002  0.0000000e+000  6.8965517e-003  6.8965517e-003  6.8965517e-003  0.0000000e+000
  3.7931034e-001  6.8965517e-002  1.2068966e-001  1.0344828e-001  8.6206897e-002  1.7241379e-002  0.0000000e+000  0.0000000e+000  0.0000000e+000  0.0000000e+000  0.0000000e+000  0.0000000e+000  5.1724138e-002  1.7241379e-002  0.0000000e+000  0.0000000e+000  1.5517241e-001  0.0000000e+000
  0.0000000e+000  2.5000000e-001  0.0000000e+000  6.6666667e-001  0.0000000e+000  0.0000000e+000  0.0000000e+000  0.0000000e+000  0.0000000e+000  0.0000000e+000  0.0000000e+000  0.0000000e+000  0.0000000e+000  0.0000000e+000  0.0000000e+000  0.0000000e+000  8.3333333e-002  0.0000000e+000
  1.6949153e-002  3.2203390e-001  0.0000000e+000  5.4237288e-001  0.0000000e+000  0.0000000e+000  0.0000000e+000  0.0000000e+000  0.0000000e+000  0.0000000e+000  0.0000000e+000  0.0000000e+000  5.0847458e-002  0.0000000e+000  0.0000000e+000  0.0000000e+000  0.0000000e+000  6.7796610e-002
  1.9047619e-001  4.7619048e-001  1.4285714e-001  0.0000000e+000  9.5238095e-002  0.0000000e+000  0.0000000e+000  4.7619048e-002  2.3809524e-002  0.0000000e+000  0.0000000e+000  0.0000000e+000  2.3809524e-002  0.0000000e+000  0.0000000e+000  0.0000000e+000  0.0000000e+000  0.0000000e+000
  2.2155689e-001  1.4970060e-001  1.0778443e-001  1.0778443e-001  7.7844311e-002  4.7904192e-002  1.1976048e-002  1.7964072e-002  0.0000000e+000  0.0000000e+000  0.0000000e+000  1.1976048e-001  2.9940120e-002  0.0000000e+000  0.0000000e+000  5.3892216e-002  4.1916168e-002  1.1976048e-002
  2.5015404e-001  4.3130006e-002  1.0227973e-001  1.1275416e-001  7.5785582e-002  6.3462723e-002  8.0098583e-003  2.4029575e-002  9.5502157e-002  3.0807147e-003  2.4029575e-002  2.5878004e-002  3.8817006e-002  2.4645718e-003  6.5927295e-002  3.1423290e-002  2.5878004e-002  7.3937153e-003
  2.8735632e-001  1.7241379e-001  1.2643678e-001  2.2988506e-002  8.0459770e-002  0.0000000e+000  1.1494253e-002  0.0000000e+000  0.0000000e+000  0.0000000e+000  0.0000000e+000  1.1494253e-002  1.1494253e-002  0.0000000e+000  2.4137931e-001  3.4482759e-002  0.0000000e+000  0.0000000e+000
  3.3858268e-001  2.5196850e-001  1.4960630e-001  6.2992126e-002  8.6614173e-002  0.0000000e+000  0.0000000e+000  0.0000000e+000  3.1496063e-002  0.0000000e+000  0.0000000e+000  7.8740157e-003  2.3622047e-002  0.0000000e+000  7.8740157e-003  3.9370079e-002  0.0000000e+000  0.0000000e+000
  9.6774194e-002  1.4662757e-001  5.5718475e-002  5.2785924e-002  4.9853372e-002  3.8123167e-002  4.3108504e-001  0.0000000e+000  0.0000000e+000  0.0000000e+000  0.0000000e+000  5.5718475e-002  1.1730205e-002  0.0000000e+000  0.0000000e+000  2.3460411e-002  8.7976540e-003  2.9325513e-002
  8.0822924e-002  8.5966201e-002  3.1594416e-002  8.5966201e-002  4.1146216e-002  7.0536370e-002  6.7597355e-002  3.6737693e-002  8.3761940e-002  2.2042616e-003  7.4944893e-002  1.5429831e-002  1.6164585e-002  1.8809699e-001  2.2042616e-003  5.0698016e-002  4.7024247e-002  1.9103600e-002
  3.0681818e-001  2.5000000e-001  6.8181818e-002  9.0909091e-002  1.1742424e-001  1.8939394e-002  0.0000000e+000  3.0303030e-002  2.6515152e-002  0.0000000e+000  0.0000000e+000  7.5757576e-003  5.6818182e-002  0.0000000e+000  0.0000000e+000  1.5151515e-002  1.1363636e-002  0.0000000e+000
  5.8333333e-001  0.0000000e+000  1.6666667e-001  8.3333333e-002  8.3333333e-002  0.0000000e+000  0.0000000e+000  0.0000000e+000  0.0000000e+000  0.0000000e+000  0.0000000e+000  0.0000000e+000  8.3333333e-002  0.0000000e+000  0.0000000e+000  0.0000000e+000  0.0000000e+000  0.0000000e+000
  3.5643564e-001  1.9306931e-001  2.3762376e-001  2.4752475e-002  1.4851485e-001  4.9504950e-003  0.0000000e+000  0.0000000e+000  9.9009901e-003  0.0000000e+000  0.0000000e+000  0.0000000e+000  1.4851485e-002  0.0000000e+000  0.0000000e+000  9.9009901e-003  0.0000000e+000  0.0000000e+000
  1.7725258e-002  7.3855244e-003  1.3293944e-002  6.2038405e-002  4.1358936e-002  2.7326440e-001  3.1757755e-002  1.4771049e-002  3.1019202e-002  3.5155096e-001  4.1358936e-002  0.0000000e+000  3.3973412e-002  0.0000000e+000  7.3855244e-003  5.3175775e-002  1.2555391e-002  7.3855244e-003
  3.1182796e-001  3.7634409e-001  1.0752688e-001  0.0000000e+000  9.6774194e-002  1.0752688e-002  0.0000000e+000  0.0000000e+000  0.0000000e+000  0.0000000e+000  0.0000000e+000  0.0000000e+000  1.0752688e-002  0.0000000e+000  0.0000000e+000  0.0000000e+000  8.6021505e-002  0.0000000e+000
  3.9814815e-001  1.2037037e-001  1.2037037e-001  3.7037037e-002  1.0185185e-001  9.2592593e-003  0.0000000e+000  1.5740741e-001  0.0000000e+000  0.0000000e+000  2.7777778e-002  0.0000000e+000  2.7777778e-002  0.0000000e+000  0.0000000e+000  0.0000000e+000  0.0000000e+000  0.0000000e+000
  3.8961039e-001  7.7922078e-002  1.8181818e-001  6.4935065e-002  7.7922078e-002  2.5974026e-002  0.0000000e+000  7.7922078e-002  0.0000000e+000  0.0000000e+000  0.0000000e+000  0.0000000e+000  1.2987013e-002  1.2987013e-002  0.0000000e+000  1.2987013e-002  6.4935065e-002  0.0000000e+000
  4.8611111e-002  6.2500000e-002  3.7037037e-002  1.3078704e-001  3.7037037e-002  1.7824074e-001  2.0254630e-001  1.5046296e-002  7.0601852e-002  5.2083333e-002  5.3240741e-002  0.0000000e+000  1.3888889e-002  1.1574074e-003  3.4722222e-003  2.5462963e-002  2.6620370e-002  4.1666667e-002
  4.2105263e-001  1.1842105e-001  1.4473684e-001  3.9473684e-002  9.2105263e-002  0.0000000e+000  0.0000000e+000  0.0000000e+000  0.0000000e+000  0.0000000e+000  0.0000000e+000  1.3157895e-002  2.6315789e-002  3.9473684e-002  3.9473684e-002  3.9473684e-002  2.6315789e-002  0.0000000e+000
  2.3664122e-001  7.6335878e-003  9.9236641e-002  1.5267176e-002  3.8167939e-002  7.6335878e-003  7.6335878e-003  6.1068702e-002  2.2900763e-002  0.0000000e+000  0.0000000e+000  3.8167939e-002  6.1068702e-002  0.0000000e+000  3.9694656e-001  7.6335878e-003  0.0000000e+000  0.0000000e+000
  3.3333333e-001  2.2875817e-001  1.2418301e-001  4.5751634e-002  7.8431373e-002  3.9215686e-002  0.0000000e+000  0.0000000e+000  4.5751634e-002  0.0000000e+000  0.0000000e+000  0.0000000e+000  9.1503268e-002  0.0000000e+000  0.0000000e+000  1.3071895e-002  0.0000000e+000  0.0000000e+000
  3.7600000e-001  5.6000000e-002  1.6000000e-001  1.6000000e-002  6.4000000e-002  1.6000000e-002  0.0000000e+000  0.0000000e+000  0.0000000e+000  0.0000000e+000  0.0000000e+000  8.0000000e-003  2.5600000e-001  8.0000000e-003  8.0000000e-003  3.2000000e-002  0.0000000e+000  0.0000000e+000
  1.5413534e-001  8.2706767e-002  5.6390977e-002  1.0902256e-001  6.0150376e-002  4.8872180e-002  2.2556391e-002  4.8872180e-002  1.1278195e-002  0.0000000e+000  0.0000000e+000  2.9699248e-001  1.5037594e-002  0.0000000e+000  1.1278195e-002  4.8872180e-002  3.3834586e-002  0.0000000e+000
  5.0000000e-001  0.0000000e+000  5.0000000e-001  0.0000000e+000  0.0000000e+000  0.0000000e+000  0.0000000e+000  0.0000000e+000  0.0000000e+000  0.0000000e+000  0.0000000e+000  0.0000000e+000  0.0000000e+000  0.0000000e+000  0.0000000e+000  0.0000000e+000  0.0000000e+000  0.0000000e+000
  3.6250000e-001  1.8750000e-001  2.0000000e-001  0.0000000e+000  1.6250000e-001  0.0000000e+000  0.0000000e+000  0.0000000e+000  2.5000000e-002  0.0000000e+000  0.0000000e+000  1.2500000e-002  1.2500000e-002  0.0000000e+000  0.0000000e+000  0.0000000e+000  1.2500000e-002  2.5000000e-002
  4.9664430e-001  6.7114094e-002  1.0738255e-001  4.0268456e-002  1.2751678e-001  0.0000000e+000  0.0000000e+000  7.3825503e-002  4.6979866e-002  0.0000000e+000  0.0000000e+000  6.7114094e-003  2.6845638e-002  0.0000000e+000  0.0000000e+000  6.7114094e-003  0.0000000e+000  0.0000000e+000
  3.6585366e-001  1.0975610e-001  2.0731707e-001  4.8780488e-002  9.7560976e-002  2.4390244e-002  0.0000000e+000  2.4390244e-002  2.4390244e-002  0.0000000e+000  0.0000000e+000  1.2195122e-002  6.0975610e-002  0.0000000e+000  1.2195122e-002  0.0000000e+000  1.2195122e-002  0.0000000e+000
  3.2894737e-001  3.0263158e-001  2.6315789e-002  1.3157895e-001  1.9736842e-001  0.0000000e+000  0.0000000e+000  0.0000000e+000  0.0000000e+000  0.0000000e+000  0.0000000e+000  0.0000000e+000  1.3157895e-002  0.0000000e+000  0.0000000e+000  0.0000000e+000  0.0000000e+000  0.0000000e+000
  3.6904762e-001  1.3095238e-001  1.7857143e-001  5.9523810e-002  7.1428571e-002  7.1428571e-002  0.0000000e+000  1.1904762e-002  0.0000000e+000  0.0000000e+000  0.0000000e+000  2.3809524e-002  0.0000000e+000  0.0000000e+000  0.0000000e+000  2.3809524e-002  2.3809524e-002  3.5714286e-002
  2.9687500e-001  9.3750000e-002  6.2500000e-002  3.5937500e-001  1.3281250e-001  0.0000000e+000  0.0000000e+000  0.0000000e+000  0.0000000e+000  0.0000000e+000  0.0000000e+000  0.0000000e+000  5.4687500e-002  0.0000000e+000  0.0000000e+000  0.0000000e+000  0.0000000e+000  0.0000000e+000
  4.0000000e-001  1.1250000e-001  1.8750000e-001  1.2500000e-002  7.5000000e-002  0.0000000e+000  0.0000000e+000  0.0000000e+000  3.7500000e-002  0.0000000e+000  0.0000000e+000  6.2500000e-002  1.2500000e-002  0.0000000e+000  0.0000000e+000  1.2500000e-002  8.7500000e-002  0.0000000e+000
  3.9743590e-001  1.1538462e-001  1.5384615e-001  6.4102564e-002  1.0256410e-001  0.0000000e+000  0.0000000e+000  1.0256410e-001  0.0000000e+000  0.0000000e+000  0.0000000e+000  0.0000000e+000  2.5641026e-002  0.0000000e+000  3.8461538e-002  0.0000000e+000  0.0000000e+000  0.0000000e+000
  2.9411765e-001  1.1764706e-001  1.1764706e-001  3.3613445e-002  2.5210084e-002  1.0084034e-001  0.0000000e+000  1.1764706e-001  5.8823529e-002  0.0000000e+000  0.0000000e+000  4.2016807e-002  3.3613445e-002  0.0000000e+000  0.0000000e+000  4.2016807e-002  1.6806723e-002  0.0000000e+000
  2.9279279e-001  2.3423423e-001  2.1621622e-001  4.5045045e-003  2.0720721e-001  0.0000000e+000  0.0000000e+000  0.0000000e+000  0.0000000e+000  0.0000000e+000  0.0000000e+000  0.0000000e+000  2.7027027e-002  0.0000000e+000  0.0000000e+000  1.8018018e-002  0.0000000e+000  0.0000000e+000
  2.6470588e-001  1.9607843e-001  1.4705882e-001  9.8039216e-003  1.1764706e-001  0.0000000e+000  0.0000000e+000  0.0000000e+000  0.0000000e+000  0.0000000e+000  0.0000000e+000  0.0000000e+000  3.9215686e-002  0.0000000e+000  2.1568627e-001  9.8039216e-003  0.0000000e+000  0.0000000e+000
```